25750
41389
41083
41078
41195
40803
14620
41842
41553
41486
13654
41019
41194
33006
14955
40826
41054
23279
41351
40924
41342
14632
41123
26573
28057
186225
21298
15092
41256
41348
186217
183304
25539
40968
23001
41350
10921
41265
15775
41416
41405
41578
183270
41538
41303
56395
41366
41027
40815
41113
41042
41282
23076
14905
40832
41346
26858
25836
12370
26883
41430
41230
20965
25978
41145
20175
30908
40978
13735
23066
9957
40868
28159
26518
22899
15585
24161
186238
40523
41446
9888
20044
41523
21031
40955
41166
19786
41015
41214
41307
12292
11816
20975
14294
39939
183368
186254
40828
41175
183401
13993
14641
41173
41634
23580
41683
14553
13228
26539
41120
41377
41651
13842
41338
41261
41018
41606
15119
23235
41219
12434
186239
41597
12310
41203
22878
22571
41635
41023
15433
183360
41512
41438
41316
186246
26938
41508
14180
41753
10951
10268
14185
40957
27891
40841
15460
183324
12710
41038
41218
127954
25400
41020
41030
183274
15077
25277
13874
41057
41241
24951
13629
186198
41490
40854
14138
22909
41043
14559
41225
15282
41533
21338
41250
41589
40886
41058
41334
41150
11315
11283
41402
41657
11823
186262
41586
41547
40914
13091
39996
41638
15348
20723
20964
40974
41599
21013
186221
11705
186205
15135
26770
40942
12365
11416
41331
12532
183432
41300
10838
41469
41593
186228
15387
41084
41269
24428
23083
20370
14596
25973
41031
14354
20943
13471
26541
26625
41077
41233
41310
40923
41326
23261
41454
20890
25961
183207
20243
9412
11910
41474
22882
25980
15201
41467
23562
12147
13474
12397
41340
41275
41068
41315
41415
186201
13569
23234
183365
10804
41313
12917
41122
20361
15126
15495
19891
41169
41159
40966
11725
41317
41312
41332
11623
41267
41274
41126
10465
41395
41619
41147
22898
23099
41506
41119
41048
41609
41183
20382
26710
41587
14381
41622
183470
41419
41135
183285
14229
21119
41235
41045
41689
41433
41592
20860
12367
41627
15138
41086
10712
41521
41133
41468
15537
41616
41242
183376
41585
41110
41074
41630
41162
15490
41063
23033
12160
28066
26617
41337
41602
41056
40908
13463
69562
41163
13813
41243
23052
26985
10029
41594
41073
41658
41643
23035
22908
25981
21369
41158
41227
9814
25977
41439
186253
41477
26909
15445
20377
19888
10621
40933
9926
20769
41510
41277
41010
41663
23273
41625
13909
56400
25966
15499
183326
14278
13231
183393
41318
40943
41567
20857
41605
21260
40834
186230
13209
9775
41320
40887
30968
10677
186227
25442
41569
40895
21419
41463
27336
23024
15727
12783
41598
41090
23257
41832
14957
41623
11999
41487
15028
11521
41075
41156
41563
41564
41151
12679
41210
41448
23274
23226
41624
20826
41144
41614
14458
23258
40843
20537
12753
40951
183251
22565
23240
41008
10612
41407
11671
26462
22912
14801
15048
22885
41380
41642
41262
41284
23620
12949
40946
12998
14210
26988
41497
26551
41260
41268
41131
15493
41639
12865
41462
186258
28172
41621
186273
183314
41400
41368
40954
41500
41004
183203
41280
14263
11712
10113
41032
26491
41246
26114
23193
23252
41550
9713
41322
12759
25984
40865
41343
41012
26730
40506
41130
12214
41577
41385
40818
41384
41461
41499
183307
186251
22923
11088
183452
26785
40524
184456
41011
186226
12928
21370
40938
40806
41229
41369
15384
41367
11052
41540
41149
12636
15281
41505
20854
23064
12665
12767
40910
41571
40891
41174
41272
12873
41231
21086
21138
41036
13807
183315
40861
40944
41121
41055
41381
13646
41649
41138
11825
41580
41387
23009
41093
41046
12449
183353
41452
183328
41187
40911
41186
11466
41294
41146
41279
14820
186223
41249
41308
41482
186241
41489
10877
183375
11801
41328
186214
41392
15058
21258
41253
41026
10657
41040
41007
25987
41193
41178
41109
13987
127961
23011
9656
19811
41549
19759
12305
14842
15505
20362
13507
41060
26703
22904
40880
41543
41266
41013
23130
26828
183342
183385
40927
25983
9542
41336
41003
41581
183486
15183
41383
11292
41327
19902
25982
41574
22873
14931
41000
26900
41071
23262
10447
22606
41067
41426
27227
12959
41633
23267
41201
41545
41502
14944
12328
12042
14869
41089
41212
41211
183242
41273
22922
23154
41172
10324
41095
26879
186199
25788
41234
186207
40836
15349
186247
26452
20215
41494
25976
11840
41434
23114
41544
12666
183424
40813
22986
41608
41255
11234
23050
183229
41154
15794
40890
41372
41264
41473
15463
11496
186213
20406
40898
41365
12304
27966
15261
15769
41140
40993
22942
41632
41503
41373
27900
41374
15603
41081
23609
184449
41304
41501
41002
41108
9491
41069
22919
41064
25037
23214
41132
41047
20485
41356
11260
41254
41155
41029
41352
41358
26667
41459
41097
41039
14976
186243
41491
41465
23220
9634
40919
22929
40894
12570
41559
41582
41371
40905
40930
26646
41640
14814
41483
186237
41165
183412
26728
41492
41259
183346
20560
41386
15414
40997
41244
9403
15002
183230
41335
19999
39985
41006
183190
22875
12072
41198
41575
41453
40874
14887
25047
26655
13164
41016
11472
183256
41529
41185
9399
41065
26723
41360
41324
41636
41536
24711
13341
41664
183252
21059
41648
183217
25943
12554
15318
15436
41127
23241
20047
183262
12019
183378
41309
41361
41653
12973
15564
41733
183221
183479
186235
41050
15838
41330
26606
21110
40882
13943
41197
41414
9779
